71
71
73
76
78
79
82
83
84
85
87
87
88
91
91
94
94
95
98
100
100
101
103
105
107
106
109
109
111
113
114
115
115
118
118
119
119
122
123
125
125
126
129
128
130
132
132
133
135
135
137
139
139
139
140
141
142
144
144
145
146
149
148
149
151
151
152
154
155
155
155
157
157
157
159
161
161
162
163
162
164
165
165
167
167
159
168
170
171
170
171
171
174
173
175
175
175
176
177
177
179
180
179
180
182
180
182
183
184
185
183
186
185
185
186
188
187
190
188
189
189
190
193
191
193
194
194
194
195
196
196
196
196
197
197
197
198
199
199
201
199
202
200
202
204
204
203
203
204
204
204
192
0
1
2
5
7
11
12
15
17
19
21
23
27
28
31
34
36
38
39
41
43
46
46
47
51
53
54
55
59
59
61
63
65
66
68
69
73
72
74
75
78
80
82
84
85
85
87
90
91
91
94
94
97
99
100
101
102
103
105
106
108
108
110
112
111
115
115
117
118
117
121
121
123
123
124
124
126
127
131
130
131
132
133
135
136
138
137
140
139
141
141
143
146
143
144
147
147
149
149
151
152
153
153
154
155
158
156
158
159
159
161
161
162
164
165
166
167
166
167
167
168
169
168
171
171
173
173
172
174
175
174
176
177
177
177
178
179
180
180
181
183
183
184
183
184
185
185
186
186
186
188
189
189
190
190
189
192
192
193
192
194
195
194
196
196
196
195
198
198
198
198
198
199
199
200
201
202
203
203
202
204
203
204
205
205
204
206
207
205
208
208
208
207
208
210
207
210
211
212
211
211
210
212
213
214
212
213
214
213
214
213
214
214
215
216
216
216
216
218
218
218
218
218
219
219
220
220
219
219
220
219
221
221
222
222
221
221
224
221
221
224
223
223
223
225
223
224
225
225
226
226
226
227
226
226
226
228
227
227
228
228
229
227
227
227
228
228
228
229
229
229
229
230
229
230
230
231
232
231
232
231
232
231
232
231
233
232
232
232
231
233
234
234
234
234
235
233
235
234
235
234
236
234
235
236
235
236
235
235
236
235
235
236
236
237
236
236
237
238
238
237
238
238
238
238
237
237
238
238
239
237
237
239
238
238
239
239
239
240
239
239
240
239
240
240
240
240
241
240
239
239
239
239
240
240
241
240
239
240
242
242
242
240
241
241
241
241
241
241
242
241
241
242
243
241
242
243
242
243
243
243
241
242
243
242
242
243
244
242
244
244
244
244
243
242
244
243
245
243
243
244
244
243
243
243
243
243
243
244
245
243
243
246
244
244
245
244
245
246
246
246
244
245
244
245
245
246
244
245
246
245
246
247
246
246
246
245
244
246
245
247
246
247
246
246
246
247
247
246
247
245
246
246
247
247
245
246
245
246
247
247
246
247
247
246
246
248
247
248
246
247
249
244
244
240
237
236
234
231
228
227
226
222
221
219
218
216
214
212
209
208
205
204
201
199
199
198
195
193
192
189
188
187
184
183
181
180
179
177
175
174
172
171
170
168
166
165
164
162
160
158
156
156
156
154
152
150
149
147
147
146
145
143
142
140
139
138
136
134
133
132
130
129
129
128
128
126
124
124
123
120
121
120
117
116
117
115
114
113
112
112
109
108
108
108
107
105
104
104
102
102
101
99
98
98
98
97
95
94
93
93
92
92
91
90
88
89
87
87
84
85
84
83
84
82
82
81
79
79
79
78
77
77
76
75
75
75
73
73
71
72
72
70
70
70
68
68
67
66
67
65
66
64
63
63
64
63
61
61
60
60
58
60
59
59
58
58
57
54
56
56
55
52
53
52
51
52
50
50
51
49
50
49
50
49
49
48
47
47
45
47
45
44
44
43
44
43
43
43
43
42
41
41
40
40
40
41
40
39
38
37
37
40
37
37
36
36
37
35
36
34
36
35
35
33
34
34
33
33
31
33
33
31
31
32
30
29
30
29
30
29
15
27
27
29
29
27
27
27
27
28
26
26
26
27
26
25
26
23
25
24
24
24
24
23
24
23
22
23
22
24
23
23
21
21
22
21
22
20
21
21
21
21
19
20
21
19
19
20
19
20
19
17
18
19
18
16
19
17
17
17
18
18
15
17
18
16
17
16
16
15
15
15
17
17
16
14
15
15
14
14
14
15
14
14
14
13
15
15
14
13
13
12
12
12
12
13
12
12
13
12
11
11
12
11
12
11
12
11
12
12
11
12
11
11
11
11
10
10
10
10
10
9
10
11
10
9
9
9
9
9
10
9
10
10
8
7
9
9
10
9
8
10
8
9
10
9
8
8
8
9
8
8
7
7
7
8
7
7
7
7
7
8
7
6
6
7
6
7
6
6
7
7
6
6
7
6
7
6
5