2
3
5
10
11
14
17
18
19
21
23
26
27
31
31
35
36
39
39
43
0
0
1
1
5
6
9
11
14
17
19
19
23
23
27
27
29
31
34
37
40
41
44
43
46
47
50
52
53
54
56
59
61
61
65
66
67
69
71
73
76
76
78
78
79
82
83
85
86
88
89
92
93
94
95
95
98
98
100
102
103
104
105
107
108
110
112
113
113
115
115
116
118
121
122
122
123
123
127
126
127
130
130
131
132
133
135
136
137
139
139
140
141
143
143
143
143
146
146
148
148
149
151
150
153
154
154
155
156
156
157
159
159
159
161
163
162
163
164
167
165
167
167
168
167
168
171
172
172
172
172
173
174
173
176
176
178
178
179
179
179
179
182
182
182
183
183
184
184
184
186
186
187
187
188
189
190
189
190
190
191
192
192
194
193
193
194
195
196
197
197
198
198
198
199
199
199
199
199
202
202
202
204
202
203
203
204
205
206
204
205
205
207
206
207
207
209
210
209
209
209
211
210
210
211
211
211
211
211
214
213
213
214
213
215
216
216
216
216
216
216
218
217
218
218
219
218
217
218
221
219
219
219
220
221
222
222
220
221
221
222
221
222
222
223
223
223
223
224
224
224
223
226
225
226
227
227
227
227
227
226
227
227
228
229
227
227
228
227
228
229
231
231
230
229
229
230
231
231
230
231
232
232
231
232
232
232
232
232
233
232
234
233
233
233
233
234
234
233
234
234
234
235
236
234
236
236
236
235
235
235
235
235
235
235
236
236
237
236
236
237
238
238
238
239
238
237
239
237
238
238
238
239
238
238
240
239
239
239
239
238
239
240
239
238
239
241
239
239
239
239
241
239
240
239
241
242
241
240
241
242
241
241
241
242
241
242
241
241
242
242
243
241
242
243
242
242
241
242
243
243
242
243
243
244
243
243
244
244
243
244
244
243
243
244
244
243
243
244
244
244
243
244
244
245
243
244
246
245
245
244
244
246
244
244
245
246
246
245
246
246
245
245
245
246
245
246
245
247
244
246
245
245
245
245
246
245
246
245
245
246
247
247
247
246
245
246
246
245
246
246
246
247
247
247
248
246
246
247
247
247
247
248
246
246
247
246
248
127
248
248
246
247
247
247
248
246
248
247
248
248
247
248
247
247
247
248
248
248
248
248
246
247
248
247
247
246
247
248
247
249
246
244
241
240
237
235
232
230
229
228
225
222
221
218
216
216
213
211
208
208
205
203
202
200
198
195
194
192
191
188
186
185
185
184
181
180
178
177
175
174
172
170
168
168
166
164
164
161
160
159
156
155
156
154
151
151
149
148
148
145
142
142
142
139
140
137
135
136
135
133
132
130
130
129
127
128
125
124
122
122
120
120
118
117
115
115
115
114
112
110
110
109
107
106
105
104
105
104
102
102
100
100
99
98
98
97
97
96
94
92
92
92
91
90
90
89
88
88
86
85
85
83
84
83
81
84
80
79
77
78
78
77
77
76
75
74
73
73
74
72
70
69
69
69
68
67
66
67
66
66
65
64
63
63
63
62
61
59
60
60
60
58
58
57
56
56
55
55
55
54
54
55
52
54
53
52
51
51
50
51
49
50
50
49
47
48
48
47
47
46
45
45
46
44
43
43
43
42
43
42
42
43
42
41
41
41
40
39
40
39
39
39
39
36
36
37
35
36
35
36
35
35
35
34
34
34
33
34
33
32
33
31
31
31
31
32
30
30
31
28
29
28
29
30
29
28
28
28
27
28
27
27
27
27
27
25
27
25
26
23
25
25
24
25
23
24
23
24
24
22
21
24
21
22
22
22
21
21
21
21
22
20
21
22
20
20
20
20
19
20
18
19
20
19
19
18
19
19
19
18
18
18
17
17
18
18
17
16
16
16
16
16
15
15
15
16
15
15
16
15
15
13
14
15
13
13
15
15
13
13
13
14
14
14
14
13
14
14
13
13
12
12
13
12
13
13
12
11
13
12
12
11
12
11
11
12
11
11
11
11
10
10
10
10
10
9
10
10
9
8
10
10
11
8
10
10
9
9
9
9
9
9
8
9
7
8
9
8
9
7
8
8
7
7
9
9
8
9
8
8
7
9
8
7
8
7
8
8
7
8
7
7
8
6
7
7
7
6
5